0.9：
precision	recall	F-measure
0.1726	0.4206	0.2448
0.2231	0.2969	0.2547
0.8893	0.674	0.7668
0.1115	0.311	0.1642
0.1407	0.419	0.2106
0.3074	0.4243	0.3282
****************************average_F: 0.3282***************************

0.8：
precision	recall	F-measure
0.1763	0.3691	0.2386
0.1961	0.3588	0.2536
0.8929	0.6619	0.7603
0.1141	0.2633	0.1592
0.1502	0.4266	0.2222
0.3059	0.4159	0.3268
****************************average_F: 0.3268***************************

0.7：
precision	recall	F-measure
0.1879	0.3519	0.245
0.1992	0.3468	0.2531
0.8928	0.658	0.7576
0.1034	0.3722	0.1618
0.1607	0.3914	0.2278
0.3088	0.4241	0.3291
****************************average_F: 0.3291***************************

0.6
precision	recall	F-measure
0.1805	0.3366	0.235
0.1852	0.3796	0.2489
0.893	0.647	0.7503
0.1077	0.3198	0.1611
0.1513	0.3631	0.2136
0.3035	0.4092	0.3218
****************************average_F: 0.3218***************************

0.5：
precision	recall	F-measure
0.167	0.3482	0.2249
0.1934	0.3206	0.2408
0.8889	0.6733	0.7658
0.1085	0.2994	0.1587
0.151	0.3759	0.2147
0.3018	0.4035	0.321
****************************average_F: 0.321***************************

0.4：
precision	recall	F-measure
0.1763	0.3412	0.2325
0.1977	0.299	0.2381
0.8897	0.6669	0.7624
0.1111	0.3512	0.1688
0.1404	0.4322	0.212
0.3031	0.4181	0.3228
****************************average_F: 0.3228***************************

0.3：
precision	recall	F-measure
0.172	0.2925	0.2166
0.1892	0.32	0.2378
0.8818	0.7046	0.7833
0.1086	0.2525	0.1518
0.1545	0.346	0.2136
0.3012	0.3831	0.3206
****************************average_F: 0.3206***************************

0.2：
precision	recall	F-measure
0.1625	0.307	0.2125
0.1895	0.2352	0.2099
0.8714	0.745	0.8033
0.1112	0.2156	0.1467
0.1503	0.3203	0.2046
0.297	0.3646	0.3154
****************************average_F: 0.3154***************************

0.1：
precision	recall	F-measure
0.1639	0.2511	0.1983
0.1846	0.2585	0.2154
0.8653	0.7517	0.8045
0.1086	0.2141	0.1441
0.1499	0.2644	0.1913
0.2944	0.3479	0.3107
****************************average_F: 0.3107***************************

