0.9：
precision	recall	F-measure
0.3067	0.4808	0.3745
0.6395	0.5886	0.613
0.7153	0.6153	0.6616
0.0841	0.2308	0.1233
0.0667	0.16	0.0941
0.3625	0.4151	0.3733
****************************average_F: 0.3733***************************

0.8：
precision	recall	F-measure
0.3141	0.4533	0.3711
0.6382	0.6043	0.6208
0.7154	0.6267	0.6681
0.1026	0.2597	0.1471
0.0932	0.2245	0.1317
0.3727	0.4337	0.3877
****************************average_F: 0.3877***************************

0.7：
precision	recall	F-measure
0.3303	0.407	0.3647
0.6185	0.6288	0.6236
0.7068	0.6107	0.6552
0.1209	0.319	0.1754
0.0721	0.2055	0.1068
0.3697	0.4342	0.3851
****************************average_F: 0.3851***************************

0.6：
precision	recall	F-measure
0.3246	0.4353	0.3719
0.6413	0.5568	0.5961
0.6831	0.6417	0.6617
0.1099	0.3247	0.1642
0.0613	0.1959	0.0934
0.364	0.4309	0.3774
****************************average_F: 0.3774***************************

0.5：
precision	recall	F-measure
0.3131    0.4362    0.3641
0.6188    0.5779    0.5973
0.6899    0.613      0.6487
0.1065    0.2913    0.1551
0.0672    0.1741    0.0964
0.3591    0.4185    0.3723
****************************average_F: 0.3723***************************

0.4：

precision	recall	F-measure
0.311	0.4776	0.3767
0.6067	0.5691	0.5873
0.6909	0.565	0.6216
0.1005	0.3723	0.1582
0.0526	0.1793	0.0814
0.3523	0.4327	0.365
****************************average_F: 0.365***************************

0.3：
precision	recall	F-measure
0.3143	0.429	0.3628
0.607	0.5516	0.578
0.6716	0.6154	0.6423
0.1081	0.3234	0.162
0.0532	0.1183	0.0734
0.3508	0.4076	0.3637
****************************average_F: 0.3637***************************

0.2：
precision	recall	F-measure
0.3093	0.4085	0.352
0.6104	0.5296	0.5672
0.6587	0.6269	0.6424
0.1031	0.3117	0.155
0.0611	0.1606	0.0886
0.3485	0.4075	0.361
****************************average_F: 0.361***************************

0.1：
precision	recall	F-measure
0.3062	0.3738	0.3367
0.5668	0.5225	0.5437
0.6397	0.6095	0.6242
0.0812	0.2168	0.1181
0.0403	0.0783	0.0532
0.3268	0.3602	0.3352
****************************average_F: 0.3352***************************

