0.9：
precision	recall	F-measure
0.7789	0.565	0.6549
0.3117	0.4399	0.3649
0.5778	0.66	0.6162
0.3943	0.5582	0.4622
0.6271	0.6852	0.6549
0.538	0.5817	0.5506
****************************average_F: 0.5506***************************

0.8：
precision	recall	F-measure
0.7639	0.6053	0.6754
0.3195	0.4038	0.3567
0.5753	0.6673	0.6179
0.4124	0.5085	0.4554
0.5964	0.6675	0.63
0.5335	0.5705	0.5471
****************************average_F: 0.5471***************************

0.7：
precision	recall	F-measure
0.7653	0.5936	0.6686
0.3122	0.4162	0.3568
0.5839	0.6508	0.6155
0.379	0.5204	0.4386
0.6255	0.6537	0.6393
0.5332	0.5669	0.5438
****************************average_F: 0.5438***************************

0.6：
precision	recall	F-measure
0.7693	0.5749	0.6581
0.2998	0.403	0.3438
0.5763	0.644	0.6083
0.3592	0.5467	0.4336
0.6317	0.6547	0.643
0.5273	0.5647	0.5374
****************************average_F: 0.5374***************************

0.5：
precision	recall	F-measure
0.7622	0.5915	0.6659
0.3082     0.3775     0.3384
0.5619     0.6485     0.6017
0.37         0.5326     0.4362,
0.6127     0.6601     0.6352
0.523       0.562       0.5355
****************************average_F: 0.5355***************************

0.4：
precision	recall	F-measure
0.7619	0.584	0.6612
0.3076	0.3509	0.3278
0.5442	0.6659	0.5989
0.3572	0.5491	0.4328
0.6381	0.6553	0.6466
0.5218	0.561	0.5335
****************************average_F: 0.5335***************************

0.3：
precision	recall	F-measure
0.7537	0.5892	0.6614
0.3013	0.3566	0.3266
0.5461	0.6538	0.5951
0.3732	0.5175	0.4337
0.6153	0.6659	0.6396
0.5179	0.5566	0.5313
****************************average_F: 0.5313***************************

0.2：
precision	recall	F-measure
0.7505	0.5779	0.653
0.2927	0.3649	0.3248
0.5394	0.6597	0.5935
0.3824	0.4899	0.4295
0.6109	0.649	0.6294
0.5152	0.5483	0.526
****************************average_F: 0.526***************************


0.1：
precision	recall	F-measure
0.7207	0.6197	0.6664
0.2913	0.2942	0.2928
0.5257	0.6562	0.5837
0.3902	0.4463	0.4163
0.6178	0.6506	0.6338
0.5091	0.5334	0.5186
****************************average_F: 0.5186***************************





