0.9：
precision	recall	F-measure
0.5116	0.5188	0.5152
0.5332	0.4541	0.4904
0.622	0.5957	0.6086
0.1841	0.4028	0.2527
0.0	0.0	0.0
0.3702	0.3943	0.3734
****************************average_F: 0.3734***************************

0.8：
precision	recall	F-measure
0.4927	0.5096	0.501
0.5313	0.478	0.5032
0.6221	0.6084	0.6152
0.2086	0.3461	0.2603
0.0	0.0	0.0
0.3709	0.3884	0.3759
****************************average_F: 0.3759***************************

0.7：
precision	recall	F-measure
0.4996	0.5039	0.5017
0.5177	0.4936	0.5054
0.6374	0.5437	0.5868
0.1986	0.4397	0.2736
0.0	0.0	0.0
0.3707	0.3962	0.3735
****************************average_F: 0.3735***************************

0.6:
precision	recall	F-measure
0.4791	0.5256	0.5013
0.5207	0.451	0.4834
0.6162	0.5674	0.5908
0.1971	0.3913	0.2622
0.0	0.0	0.0
0.3626	0.3871	0.3675
****************************average_F: 0.3675***************************

0.5：
precision	recall	F-measure
0.4798   0.5023   0.4902
0.5112   0.4667   0.4873
0.6252   0.5486   0.584
0.1879   0.4021   0.2555
0.0         0.0         0.0 
0.3608   0.3839   0.3634
****************************average_F: 0.3634***************************

0.4：
precision	recall	F-measure
0.4724	0.5184	0.4943
0.5186	0.4372	0.4744
0.6156	0.5753	0.5947
0.1922	0.3939	0.2584
0.0	0.0	0.0
0.3598	0.3849	0.3644
****************************average_F: 0.3644***************************

0.3：
precision	recall	F-measure
0.4749	0.4849	0.4799
0.5119	0.4492	0.4785
0.6074	0.5907	0.5989
0.1869	0.3544	0.2448
0.0	0.0	0.0
0.3562	0.3758	0.3604
****************************average_F: 0.3604***************************

0.2：
precision	recall	F-measure
0.4603	0.4835	0.4716
0.4923	0.4682	0.48
0.6135	0.5457	0.5776
0.1786	0.3254	0.2307
0.0	0.0	0.0
0.3489	0.3645	0.352
****************************average_F: 0.352***************************

0.1：
precision	recall	F-measure
0.4543	0.4597	0.457
0.4767	0.4416	0.4585
0.607	0.5066	0.5523
0.1512	0.377	0.2159
0.0	0.0	0.0
0.3378	0.357	0.3367
****************************average_F: 0.3367***************************


